
   .2137,  1.98131,    0.177, 17.427, 0.644303,  12.5494, 1502.865
 22.2149,  1.98132,    0.179, 17.427, 0.644303,  12.5492, 1502.869
 22.2158,  1.98136,    0.177, 17.427, 0.644303,  12.5491, 1502.871
 22.2167,  1.98136,    0.179, 17.378, 0.644297,  12.5489, 1502.873
 22.2178,  1.98136,    0.180, 17.378, 0.644297,  12.5486, 1502.876
 22.2187,  1.98137,    0.180, 17.378, 0.644297,  12.5484, 1502.878
 22.2199,  1.98139,    0.178, 17.378, 0.644297,  12.5482, 1502.881
 22.2209,  1.98142,    0.178, 17.378, 0.644297,  12.5481, 1502.884
 22.2220,  1.98142,    0.178, 17.378, 0.644297,  12.5478, 1502.887
 22.2229,  1.98142,    0.179, 17.378, 0.644297,  12.5476, 1502.889
 22.2239,  1.98144,    0.179, 17.378, 0.644297,  12.5474, 1502.892
 22.2251,  1.98145,    0.179, 17.378, 0.644297,  12.5472, 1502.895
 22.2259,  1.98145,    0.179, 17.378, 0.644297,  12.5469, 1502.897
 22.2269,  1.98145,    0.179, 17.378, 0.644297,  12.5467, 1502.899
 22.2280,  1.98149,    0.179, 17.378, 0.644297,  12.5466, 1502.902
 22.2291,  1.98151,    0.178, 17.378, 0.644297,  12.5464, 1502.905
 22.2300,  1.98151,    0.177, 17.378, 0.644297,  12.5461, 1502.907
 22.2310,  1.98151,    0.178, 17.378, 0.644297,  12.5458, 1502.910
 22.2321,  1.98154,    0.180, 17.378, 0.644297,  12.5457, 1502.913
 22.2330,  1.98155,    0.179, 17.378, 0.644297,  12.5456, 1502.915
 22.2343,  1.98155,    0.180, 17.433, 0.644296,  12.5452, 1502.918
 22.2350,  1.98155,    0.178, 17.433, 0.644296,  12.5450, 1502.920
 22.2361,  1.98159,    0.179, 17.433, 0.644296,  12.5449, 1502.923
 22.2372,  1.98159,    0.178, 17.433, 0.644296,  12.5446, 1502.926
 22.2379,  1.98159,    0.179, 17.433, 0.644296,  12.5444, 1502.927
 22.2391,  1.98162,    0.178, 17.433, 0.644296,  12.5443, 1502.931
 22.2403,  1.98164,    0.179, 17.433, 0.644296,  12.5441, 1502.934
 22.2411,  1.98162,    0.179, 17.433, 0.644296,  12.5437, 1502.936
 22.2422,  1.98164,    0.180, 17.433, 0.644296,  12.5435, 1502.938
 22.2432,  1.98165,    0.179, 17.433, 0.644296,  12.5434, 1502.941
 22.2442,  1.98165,    0.178, 17.433, 0.644296,  12.5431, 1502.944
 22.2453,  1.98169,    0.179, 17.433, 0.644296,  12.5430, 1502.947
 22.2461,  1.98170,    0.178, 17.433, 0.644296,  12.5429, 1502.949
 22.2472,  1.98169,    0.178, 17.433, 0.644296,  12.5425, 1502.951
 22.2482,  1.98169,    0.177, 17.433, 0.644296,  12.5422, 1502.954
 22.2493,  1.98172,    0.178, 17.433, 0.644296,  12.5421, 1502.957
 22.2502,  1.98172,    0.179, 17.431, 0.644289,  12.5418, 1502.959
 22.2514,  1.98174,    0.179, 17.431, 0.644289,  12.5416, 1502.962
 22.2522,  1.98175,    0.177, 17.431, 0.644289,  12.5415, 1502.964
 22.2532,  1.98175,    0.178, 17.431, 0.644289,  12.5412, 1502.967
 22.2544,  1.98174,    0.177, 17.431, 0.644289,  12.5408, 1502.969
 22.2555,  1.98179,    0.179, 17.431, 0.644289,  12.5408, 1502.973
 22.2564,  1.98180,    0.181, 17.431, 0.644289,  12.5406, 1502.975
 22.2575,  1.98177,    0.179, 17.431, 0.644289,  12.5401, 1502.977
 22.2583,  1.98180,    0.180, 17.431, 0.644289,  12.5401, 1502.980
 22.2595,  1.98182,    0.178, 17.431, 0.644289,  12.5399, 1502.983
 22.2605,  1.98182,    0.178, 17.431, 0.644289,  12.5396, 1502.985
 22.2613,  1.98182,    0.178, 17.431, 0.644289,  12.5393, 1502.987
 22.2623,  1.98184,    0.180, 17.431, 0.644289,  12.5392, 1502.990
 22.2633,  1.98185,    0.179, 17.431, 0.644289,  12.5390, 1502.992
 22.2642,  1.98187,    0.178, 17.431, 0.644289,  12.5389, 1502.995
 22.2652,  1.98187,    0.179, 17.431, 0.644289,  12.5386, 1502.997
 22.2662,  1.98188,    0.180, 17.442, 0.644286,  12.5384, 1503.000
 22.2674,  1.98187,    0.177, 17.442, 0.644286,  12.5380, 1503.003
 22.2684,  1.98188,    0.179, 17.442, 0.644286,  12.5378, 1503.005
 22.2695,  1.98192,    0.178, 17.442, 0.644286,  12.5377, 1503.008
 22.2703,  1.98192,    0.179, 17.442, 0.644286,  12.5375, 1503.010
 22.2714,  1.98192,    0.180, 17.442, 0.644286,  12.5372, 1503.013
 22.2722,  1.98192,    0.179, 17.442, 0.644286,  12.5369, 1503.015
 22.2734,  1.98195,    0.180, 17.442, 0.644286,  12.5368, 1503.018
 22.2745,  1.98195,    0.180, 17.442, 0.644286,  12.5365, 1503.021
 22.2754,  1.98197,    0.179, 17.442, 0.644286,  12.5363, 1503.023
 22.2762,  1.98197,    0.179, 17.442, 0.644286,  12.5361, 1503.025
 22.2774,  1.98197,    0.177, 17.442, 0.644286,  12.5358, 1503.028
 22.2782,  1.98198,    0.178, 17.442, 0.644286,  12.5357, 1503.030
 22.2794,  1.98197,    0.180, 17.442, 0.644286,  12.5352, 1503.033
 22.2802,  1.98200,    0.179, 17.442, 0.644286,  12.5352, 1503.035
 22.2813,  1.98202,    0.181, 17.442, 0.644286,  12.5350, 1503.038
 22.2822,  1.98202,    0.178, 17.442, 0.644286,  12.5348, 1503.040
 22.2833,  1.98203,    0.180, 17.436, 0.644281,  12.5346, 1503.043
 22.2842,  1.98203,    0.183, 17.436, 0.644281,  12.5343, 1503.046
 22.2854,  1.98205,    0.180, 17.436, 0.644281,  12.5341, 1503.048
 22.2862,  1.98205,    0.179, 17.436, 0.644281,  12.5339, 1503.050
 22.2871,  1.98205,    0.179, 17.436, 0.644281,  12.5336, 1503.053
 22.2879,  1.98207,    0.180, 17.436, 0.644281,  12.5335, 1503.055
 22.2889,  1.98205,    0.180, 17.436, 0.644281,  12.5331, 1503.057
 22.2902,  1.98205,    0.181, 17.436, 0.644281,  12.5327, 1503.061
 22.2909,  1.98207,    0.180, 17.436, 0.644281,  12.5326, 1503.062
 22.2918,  1.98210,    0.181, 17.436, 0.644281,  12.5326, 1503.065
 22.2929,  1.98210,    0.180, 17.436, 0.644281,  12.5323, 1503.068
 22.2940,  1.98210,    0.180, 17.436, 0.644281,  12.5320, 1503.070
 22.2949,  1.98213,    0.179, 17.436, 0.644281,  12.5319, 1503.073
 22.2959,  1.98213,    0.179, 17.436, 0.644281,  12.5317, 1503.075
 22.2967,  1.98213,    0.181, 17.436, 0.644281,  12.5314, 1503.077
 22.2977,  1.98213,    0.178, 17.436, 0.644281,  12.5311, 1503.080
 22.2989,  1.98213,    0.178, 17.337, 0.644284,  12.5308, 1503.083
 22.2998,  1.98213,    0.178, 17.337, 0.644284,  12.5305, 1503.085
 22.3007,  1.98215,    0.178, 17.337, 0.644284,  12.5304, 1503.087
 22.3017,  1.98218,    0.181, 17.337, 0.644284,  12.5304, 1503.090
 22.3026,  1.98218,    0.179, 17.337, 0.644284,  12.5301, 1503.092
 22.3034,  1.98218,    0.178, 17.337, 0.644284,  12.5299, 1503.094
 22.3046,  1.98220,    0.179, 17.337, 0.644284,  12.5296, 1503.097
 22.3057,  1.98223,    0.179, 17.337, 0.644284,  12.5296, 1503.100
 22.3065,  1.98222,    0.181, 17.337, 0.644284,  12.5292, 1503.102
 22.3074,  1.98222,    0.179, 17.337, 0.644284,  12.5290, 1503.104
 22.3083,  1.98222,    0.177, 17.337, 0.644284,  12.5287, 1503.106
 22.3093,  1.98223,    0.180, 17.337, 0.644284,  12.5285, 1503.109
 22.3102,  1.98225,    0.178, 17.337, 0.644284,  12.5284, 1503.111
 22.3113,  1.98225,    0.181, 17.337, 0.644284,  12.5281, 1503.114
 22.3122,  1.98226,    0.180, 17.337, 0.644284,  12.5279, 1503.116
 22.3132,  1.98226,    0.178, 17.337, 0.644284,  12.5276, 1503.119
 22.3142,  1.98228,    0.180, 17.451, 0.644271,  12.5275, 1503.122
 22.3150,  1.98230,    0.178, 17.451, 0.644271,  12.5274, 1503.124
 22.3160,  1.98231,    0.178, 17.451, 0.644271,  12.5272, 1503.126
 22.3169,  1.98230,    0.179, 17.451, 0.644271,  12.5268, 1503.128
 22.3181,  1.98230,    0.179, 17.451, 0.644271,  12.5265, 1503.131
 22.3190,  1.98228,    0.179, 17.451, 0.644271,  12.5261, 1503.133
 22.3200,  1.98230,    0.180, 17.451, 0.644271,  12.5259, 1503.136
 22.3208,  1.98233,    0.180, 17.451, 0.644271,  12.5259, 1503.138
 22.3217,  1.98235,    0.177, 17.451, 0.644271,  12.5258, 1503.140
 22.3227,  1.98235,    0.179, 17.451, 0.644271,  12.5255, 1503.143
 22.3237,  1.98238,    0.178, 17.451, 0.644271,  12.5254, 1503.146
 22.3243,  1.98236,    0.179, 17.451, 0.644271,  12.5252, 1503.147
 22.3254,  1.98236,    0.181, 17.451, 0.644271,  12.5249, 1503.150
 22.3263,  1.98238,    0.180, 17.451, 0.644271,  12.5247, 1503.152
 22.3273,  1.98241,    0.179, 17.451, 0.644271,  12.5246, 1503.155
 22.3282,  1.98236,    0.178, 17.451, 0.644271,  12.5240, 1503.157
 22.3291,  1.98235,    0.179, 17.451, 0.644271,  12.5237, 1503.159
 22.3303,  1.98240,    0.179, 17.428, 0.644276,  12.5237, 1503.162
 22.3311,  1.98241,    0.179, 17.428, 0.644276,  12.5236, 1503.164
 22.3320,  1.98241,    0.179, 17.428, 0.644276,  12.5233, 1503.166
 22.3330,  1.98241,    0.178, 17.428, 0.644276,  12.5230, 1503.169
 22.3339,  1.98243,    0.179, 17.428, 0.644276,  12.5229, 1503.171
 22.3350,  1.98243,    0.179, 17.428, 0.644276,  12.5226, 1503.174
 22.3360,  1.98248,    0.179, 17.428, 0.644276,  12.5226, 1503.177
 22.3368,  1.98246,    0.179, 17.428, 0.644276,  12.5223, 1503.179
 22.3378,  1.98245,    0.178, 17.428, 0.644276,  12.5219, 1503.181
 22.3387,  1.98243,    0.180, 17.428, 0.644276,  12.5215, 1503.183
 22.3395,  1.98250,    0.179, 17.428, 0.644276,  12.5217, 1503.186
 22.3404,  1.98250,    0.179, 17.428, 0.644276,  12.5215, 1503.188
 22.3413,  1.98250,    0.180, 17.428, 0.644276,  12.5212, 1503.190
 22.3423,  1.98251,    0.179, 17.428, 0.644276,  12.5211, 1503.193
 22.3432,  1.98253,    0.179, 17.428, 0.644276,  12.5209, 1503.195
 22.3442,  1.98250,    0.179, 17.428, 0.644276,  12.5204, 1503.197
 22.3449,  1.98255,    0.180, 17.426, 0.644263,  12.5205, 1503.199
 22.3461,  1.98255,    0.179, 17.426, 0.644263,  12.5202, 1503.202
 22.3470,  1.98251,    0.179, 17.426, 0.644263,  12.5197, 1503.204
 22.3480,  1.98251,    0.178, 17.426, 0.644263,  12.5194, 1503.207
 22.3490,  1.98253,    0.181, 17.426, 0.644263,  12.5193, 1503.209
 22.3498,  1.98259,    0.179, 17.426, 0.644263,  12.5195, 1503.212
 22.3507,  1.98258,    0.179, 17.426, 0.644263,  12.5191, 1503.214
 22.3516,  1.98256,    0.179, 17.426, 0.644263,  12.5188, 1503.216
 22.3524,  1.98258,    0.179, 17.426, 0.644263,  12.5186, 1503.218
 22.3534,  1.98261,    0.181, 17.426, 0.644263,  12.5186, 1503.221
 22.3543,  1.98261,    0.180, 17.426, 0.644263,  12.5183, 1503.223
 22.3553,  1.98259,    0.178, 17.426, 0.644263,  12.5179, 1503.225
 22.3560,  1.98261,    0.180, 17.426, 0.644263,  12.5178, 1503.227
 22.3570,  1.98261,    0.178, 17.426, 0.644263,  12.5176, 1503.230
 22.3579,  1.98259,    0.181, 17.426, 0.644263,  12.5172, 1503.232
 22.3589,  1.98261,    0.178, 17.426, 0.644263,  12.5170, 1503.234
 22.3598,  1.98266,    0.180, 17.426, 0.644263,  12.5171, 1503.237
 22.3607,  1.98268,    0.179, 17.428, 0.644265,  12.5170, 1503.239
 22.3616,  1.98264,    0.179, 17.428, 0.644265,  12.5165, 1503.241
 22.3625,  1.98266,    0.178, 17.428, 0.644265,  12.5164, 1503.244
 22.3634,  1.98269,    0.179, 17.428, 0.644265,  12.5163, 1503.246
 22.3644,  1.98269,    0.179, 17.428, 0.644265,  12.5160, 1503.248
 22.3650,  1.98269,    0.181, 17.428, 0.644265,  12.5158, 1503.250
 22.3662,  1.98268,    0.182, 17.428, 0.644265,  12.5154, 1503.253
 22.3670,  1.98269,    0.179, 17.428, 0.644265,  12.5153, 1503.255
 22.3679,  1.98271,    0.179, 17.428, 0.644265,  12.5151, 1503.257
 22.3687,  1.98273,    0.178, 17.428, 0.644265,  12.5150, 1503.260
 22.3697,  1.98273,    0.179, 17.428, 0.644265,  12.5148, 1503.262
 22.3706,  1.98274,    0.179, 17.428, 0.644265,  12.5146, 1503.264
 22.3715,  1.98278,    0.180, 17.428, 0.644265,  12.5146, 1503.267
 22.3723,  1.98274,    0.180, 17.428, 0.644265,  12.5141, 1503.269
 22.3730,  1.98278,    0.179, 17.428, 0.644265,  12.5142, 1503.270
 22.3740,  1.98278,    0.178, 17.428, 0.644265,  12.5139, 1503.273
 22.3752,  1.98276,    0.178, 17.432, 0.644261,  12.5134, 1503.276
 22.3759,  1.98278,    0.180, 17.432, 0.644261,  12.5133, 1503.278
 22.3769,  1.98279,    0.180, 17.432, 0.644261,  12.5132, 1503.280
 22.3776,  1.98281,    0.179, 17.432, 0.644261,  12.5131, 1503.282
 22.3784,  1.98283,    0.179, 17.432, 0.644261,  12.5130, 1503.284
 22.3792,  1.98283,    0.180, 17.432, 0.644261,  12.5127, 1503.286
 22.3802,  1.98286,    0.180, 17.432, 0.644261,  12.5127, 1503.289
 22.3811,  1.98284,    0.180, 17.432, 0.644261,  12.5123, 1503.291
 22.3822,  1.98284,    0.179, 17.432, 0.644261,  12.5120, 1503.294
 22.3830,  1.98288,    0.178, 17.432, 0.644261,  12.5120, 1503.296
 22.3837,  1.98286,    0.181, 17.432, 0.644261,  12.5117, 1503.298
 22.3847,  1.98284,    0.180, 17.432, 0.644261,  12.5113, 1503.300
 22.3854,  1.98286,    0.179, 17.432, 0.644261,  12.5112, 1503.302
 22.3864,  1.98293,    0.182, 17.432, 0.644261,  12.5114, 1503.305
 22.3871,  1.98291,    0.178, 17.432, 0.644261,  12.5111, 1503.306
 22.3881,  1.98289,    0.179, 17.432, 0.644261,  12.5107, 1503.308
 22.3890,  1.98293,    0.180, 17.420, 0.644265,  12.5106, 1503.311
 22.3898,  1.98294,    0.180, 17.420, 0.644265,  12.5105, 1503.313
 22.3908,  1.98293,    0.181, 17.420, 0.644265,  12.5101, 1503.316
 22.3916,  1.98293,    0.178, 17.420, 0.644265,  12.5099, 1503.317
 22.3926,  1.98294,    0.180, 17.420, 0.644265,  12.5097, 1503.320
 22.3931,  1.98294,    0.179, 17.420, 0.644265,  12.5096, 1503.321
 22.3942,  1.98294,    0.177, 17.420, 0.644265,  12.5093, 1503.324
 22.3950,  1.98296,    0.179, 17.420, 0.644265,  12.5092, 1503.326
 22.3958,  1.98299,    0.179, 17.420, 0.644265,  12.5092, 1503.328
 22.3966,  1.98299,    0.181, 17.420, 0.644265,  12.5089, 1503.330
 22.3976,  1.98299,    0.181, 17.420, 0.644265,  12.5086, 1503.333
 22.3984,  1.98301,    0.181, 17.420, 0.644265,  12.5085, 1503.335
 22.3995,  1.98302,    0.180, 17.420, 0.644265,  12.5083, 1503.338
 22.4002,  1.98302,    0.179, 17.420, 0.644265,  12.5081, 1503.339
 22.4010,  1.98302,    0.179, 17.420, 0.644265,  12.5079, 1503.341
 22.4020,  1.98301,    0.181, 17.420, 0.644265,  12.5075, 1503.344
 22.4025,  1.98301,    0.179, 17.420, 0.644265,  12.5074, 1503.345
 22.4036,  1.98302,    0.178, 17.433, 0.644252,  12.5072, 1503.348
 22.4044,  1.98306,    0.180, 17.433, 0.644252,  12.5072, 1503.350
 22.4050,  1.98304,    0.178, 17.433, 0.644252,  12.5069, 1503.351
 22.4060,  1.98306,    0.181, 17.433, 0.644252,  12.5067, 1503.354
 22.4070,  1.98309,    0.181, 17.433, 0.644252,  12.5067, 1503.357
 22.4078,  1.98307,    0.179, 17.433, 0.644252,  12.5063, 1503.358
 22.4086,  1.98307,    0.178, 17.433, 0.644252,  12.5061, 1503.360
 22.4094,  1.98311,    0.179, 17.433, 0.644252,  12.5061, 1503.363
 22.4101,  1.98312,    0.179, 17.433, 0.644252,  12.5060, 1503.364
 22.4111,  1.98309,    0.180, 17.433, 0.644252,  12.5055, 1503.367
 22.4118,  1.98307,    0.180, 17.433, 0.644252,  12.5052, 1503.368
 22.4127,  1.98314,    0.178, 17.433, 0.644252,  12.5054, 1503.371
 22.4134,  1.98316,    0.179, 17.433, 0.644252,  12.5053, 1503.373
 22.4144,  1.98314,    0.180, 17.433, 0.644252,  12.5049, 1503.375
 22.4151,  1.98314,    0.179, 17.433, 0.644252,  12.5047, 1503.377
 22.4161,  1.98316,    0.179, 17.433, 0.644252,  12.5045, 1503.380
 22.4168,  1.98316,    0.180, 17.440, 0.644245,  12.5043, 1503.381
 22.4176,  1.98316,    0.179, 17.440, 0.644245,  12.5041, 1503.383
 22.4185,  1.98317,    0.178, 17.440, 0.644245,  12.5040, 1503.386
 22.4192,  1.98317,    0.179, 17.440, 0.644245,  12.5038, 1503.387
 22.4201,  1.98317,    0.180, 17.440, 0.644245,  12.5035, 1503.390
 22.4211,  1.98319,    0.180, 17.440, 0.644245,  12.5033, 1503.392
 22.4217,  1.98321,    0.180, 17.440, 0.644245,  12.5033, 1503.394
 22.4226,  1.98321,    0.178, 17.440, 0.644245,  12.5030, 1503.396
 22.4234,  1.98324,    0.179, 17.440, 0.644245,  12.5030, 1503.398
 22.4242,  1.98322,    0.179, 17.440, 0.644245,  12.5027, 1503.400
 22.4251,  1.98324,    0.180, 17.440, 0.644245,  12.5025, 1503.402
 22.4258,  1.98326,    0.179, 17.440, 0.644245,  12.5025, 1503.404
 22.4268,  1.98326,    0.180, 17.440, 0.644245,  12.5022, 1503.407
 22.4276,  1.98322,    0.179, 17.440, 0.644245,  12.5017, 1503.408
 22.4283,  1.98322,    0.180, 17.440, 0.644245,  12.5015, 1503.410
 22.4291,  1.98326,    0.179, 17.440, 0.644245,  12.5015, 1503.412
 22.4300,  1.98331,    0.179, 17.407, 0.644247,  12.5016, 1503.415
 22.4307,  1.98329,    0.181, 17.407, 0.644247,  12.5013, 1503.417
 22.4315,  1.98329,    0.180, 17.407, 0.644247,  12.5011, 1503.419
 22.4322,  1.98329,    0.181, 17.407, 0.644247,  12.5009, 1503.420
 22.4331,  1.98332,    0.178, 17.407, 0.644247,  12.5008, 1503.423
 22.4340,  1.98332,    0.179, 17.407, 0.644247,  12.5006, 1503.425
 22.4349,  1.98332,    0.179, 17.407, 0.644247,  12.5004, 1503.427
 22.4354,  1.98329,    0.180, 17.407, 0.644247,  12.5000, 1503.428
 22.4363,  1.98331,    0.180, 17.407, 0.644247,  12.4998, 1503.430
 22.4373,  1.98332,    0.179, 17.407, 0.644247,  12.4997, 1503.433
 22.4379,  1.98336,    0.181, 17.407, 0.644247,  12.4997, 1503.435
 22.4386,  1.98336,    0.178, 17.407, 0.644247,  12.4995, 1503.436
 22.4395,  1.98337,    0.180, 17.407, 0.644247,  12.4994, 1503.439
 22.4402,  1.98337,    0.179, 17.407, 0.644247,  12.4992, 1503.441
 22.4411,  1.98337,    0.180, 17.407, 0.644247,  12.4989, 1503.443
 22.4419,  1.98341,    0.178, 17.407, 0.644247,  12.4989, 1503.445
 22.4427,  1.98342,    0.179, 17.407, 0.644247,  12.4988, 1503.447
 22.4434,  1.98339,    0.180, 17.430, 0.644244,  12.4984, 1503.449
 22.4441,  1.98337,    0.178, 17.430, 0.644244,  12.4981, 1503.450
 22.4451,  1.98339,    0.180, 17.430, 0.644244,  12.4979, 1503.453
 22.4458,  1.98344,    0.180, 17.430, 0.644244,  12.4980, 1503.455
 22.4466,  1.98344,    0.181, 17.430, 0.644244,  12.4978, 1503.457
 22.4475,  1.98344,    0.179, 17.430, 0.644244,  12.4976, 1503.459
 22.4482,  1.98345,    0.180, 17.430, 0.644244,  12.4975, 1503.461
 22.4492,  1.98345,    0.179, 17.430, 0.644244,  12.4972, 1503.463
 22.4497,  1.98345,    0.177, 17.430, 0.644244,  12.4970, 1503.465
 22.4506,  1.98347,    0.177, 17.430, 0.644244,  12.4969, 1503.467
 22.4516,  1.98345,    0.181, 17.430, 0.644244,  12.4965, 1503.469
 22.4521,  1.98352,    0.179, 17.430, 0.644244,  12.4968, 1503.471
 22.4529,  1.98354,    0.180, 17.430, 0.644244,  12.4967, 1503.473
 22.4538,  1.98357,    0.181, 17.430, 0.644244,  12.4967, 1503.475
 22.4544,  1.98355,    0.181, 17.430, 0.644244,  12.4964, 1503.477
 22.4552,  1.98359,    0.179, 17.430, 0.644244,  12.4964, 1503.479
 22.4557,  1.98357,    0.180, 17.321, 0.644244,  12.4961, 1503.480
 22.4566,  1.98357,    0.179, 17.321, 0.644244,  12.4959, 1503.482
 22.4574,  1.98360,    0.180, 17.321, 0.644244,  12.4959, 1503.485
 22.4583,  1.98360,    0.180, 17.321, 0.644244,  12.4956, 1503.487
 22.4590,  1.98359,    0.183, 17.321, 0.644244,  12.4953, 1503.489
 22.4597,  1.98359,    0.182, 17.321, 0.644244,  12.4951, 1503.490
 22.4606,  1.98359,    0.180, 17.321, 0.644244,  12.4949, 1503.492
 22.4613,  1.98360,    0.182, 17.321, 0.644244,  12.4948, 1503.494
 22.4622,  1.98364,    0.181, 17.321, 0.644244,  12.4948, 1503.497
 22.4629,  1.98362,    0.178, 17.321, 0.644244,  12.4945, 1503.498
 22.4635,  1.98364,    0.180, 17.321, 0.644244,  12.4944, 1503.500
 22.4643,  1.98365,    0.180, 17.321, 0.644244,  12.4943, 1503.502
 22.4649,  1.98365,    0.179, 17.321, 0.644244,  12.4941, 1503.504
 22.4659,  1.98367,    0.179, 17.321, 0.644244,  12.4939, 1503.506
 22.4667,  1.98367,    0.179, 17.321, 0.644244,  12.4937, 1503.508
 22.4674,  1.98372,    0.180, 17.321, 0.644244,  12.4939, 1503.510
 22.4680,  1.98372,    0.180, 17.321, 0.644244,  12.4937, 1503.512
 22.4690,  1.98369,    0.179, 17.422, 0.644232,  12.4932, 1503.514
 22.4698,  1.98372,    0.180, 17.422, 0.644232,  12.4932, 1503.516
 22.4703,  1.98372,    0.180, 17.422, 0.644232,  12.4930, 1503.517
 22.4712,  1.98372,    0.179, 17.422, 0.644232,  12.4928, 1503.520
 22.4716,  1.98372,    0.180, 17.422, 0.644232,  12.4926, 1503.521
 22.4727,  1.98374,    0.179, 17.422, 0.644232,  12.4925, 1503.523
 22.4735,  1.98375,    0.181, 17.422, 0.644232,  12.4924, 1503.525
 22.4742,  1.98375,    0.182, 17.422, 0.644232,  12.4921, 1503.527
 22.4749,  1.98375,    0.182, 17.422, 0.644232,  12.4919, 1503.529
 22.4756,  1.98379,    0.181, 17.422, 0.644232,  12.4920, 1503.531
 22.4765,  1.98379,    0.181, 17.422, 0.644232,  12.4917, 1503.533
 22.4770,  1.98377,    0.181, 17.422, 0.644232,  12.4915, 1503.534
 22.4780,  1.98380,    0.180, 17.422, 0.644232,  12.4914, 1503.537
 22.4787,  1.98380,    0.180, 17.422, 0.644232,  12.4912, 1503.538
 22.4795,  1.98380,    0.180, 17.422, 0.644232,  12.4910, 1503.541
 22.4802,  1.98380,    0.180, 17.422, 0.644232,  12.4908, 1503.542
 22.4810,  1.98382,    0.180, 17.428, 0.644239,  12.4907, 1503.544
 22.4814,  1.98382,    0.180, 17.428, 0.644239,  12.4906, 1503.545
 22.4823,  1.98382,    0.179, 17.428, 0.644239,  12.4903, 1503.547
 22.4831,  1.98384,    0.180, 17.428, 0.644239,  12.4902, 1503.550
 22.4838,  1.98384,    0.180, 17.428, 0.644239,  12.4900, 1503.551
 22.4846,  1.98385,    0.179, 17.428, 0.644239,  12.4899, 1503.553
 22.4855,  1.98385,    0.181, 17.428, 0.644239,  12.4896, 1503.556
 22.4860,  1.98387,    0.181, 17.428, 0.644239,  12.4896, 1503.557
 22.4870,  1.98410,    0.180, 17.428, 0.644239,  12.4909, 1503.561
 22.4876,  1.98619,    0.181, 17.428, 0.644239,  12.5051, 1503.578
